4791 7257
1603 4583
3323 2871
3201 2573
4582 4204
1009 2393
3302 3853
1891 3241
2241 1878
1160 1425
2940 2255
1671 3060
3923 4776
3246 3185
1514 1916
3422 2811
2148 3905
3930 3835
2519 90
4120 4536
221 2215
1962 2723
3939 1447
2035 2027
1155 381
4584 2316
2251 2316
1387 3019
4630 4232
58 3452
2113 4053
3817 2189
425 4699
1299 101
280 2048
3701 1387
3646 3899
3646 1659
1713 1113
2876 1750
989 1792
2171 375
965 1571
3879 3781
345 3332
1791 1205
3139 4595
3682 634
4545 3960
12 1281
1997 1918
4216 4187
3077 758
1183 4269
1201 4309
829 904
3075 609
3775 64
3631 2612
1679 2002
249 3347
1631 1430
2491 937
746 3808
4471 4731
3732 409
1006 3315
4743 4328
4312 4401
375 4745
570 1190
3018 204
3041 4531
2279 3763
2575 688
4664 4225
3212 96
4401 3155
3905 306
2020 2613
1436 4056
2919 3646
4415 3279
2631 2797
263 278
1976 3131
3950 13
3867 2717
1309 1697
1982 1244
899 38
150 4165
1868 2095
1029 2494
808 672
4169 2440
2500 4112
4769 394
1245 2670
3449 286
4152 2849
823 2562
3020 3545
244 2176
3688 27
1728 1524
3235 2375
3247 4318
374 4157
3117 175
3828 3574
205 2928
4165 3498
370 2002
2883 1155
1480 4201
3059 2831
2069 1259
1644 345
3433 2883
4761 4226
1254 790
4678 3625
1784 4022
2806 1354
3203 2376
2745 958
1042 3581
3676 3543
1856 1347
3784 1055
611 1210
3660 180
3788 2786
3469 507
2449 1487
3491 1715
2727 420
2222 3368
927 2221
2762 2520
2227 1841
2110 1904
3839 2280
2812 3037
134 3282
1991 392
3595 858
158 747
4723 3422
3419 2633
3162 1054
3728 4744
22 4055
933 2702
599 1153
34 1617
461 4424
3634 3510
1620 2786
3798 3621
1093 1316
312 3437
1394 3772
1684 0
3857 4652
2195 3300
626 89
2260 1044
1293 4646
2571 1468
2900 730
4585 972
1039 1218
51 2252
350 3491
4536 4093
1225 624
3034 2473
1716 3486
398 619
1425 4530
607 2009
1563 2071
801 1642
1461 634
589 856
4526 4383
1742 2204
4642 2270
1242 1394
1934 3969
452 430
4104 3441
3861 4451
2276 3721
3907 893
777 136
4737 89
3527 2246
1812 3062
3692 3286
3660 2944
1378 1119
570 4230
65 4125
164 3058
1482 3693
4668 3094
326 124
252 3398
752 4519
2075 1023
583 2675
1865 3323
2977 50
158 3475
1676 730
4372 4541
490 2368
1408 1576
347 2385
1342 203
4432 1017
3969 1251
618 895
365 1305
4669 1051
4170 3817
4491 2954
2967 4008
4017 1065
21 78
2931 2942
344 4089
2805 966
3352 1964
1558 3552
4543 338
40 4212
581 3704
2534 3390
637 2088
2778 4003
203 3549
4474 4678
4674 1182
2317 1027
2227 2604
1956 3836
4252 4403
2580 1928
374 300
260 2548
290 3489
1189 4730
114 370
1808 924
4243 3380
84 4427
2394 421
2333 1283
1421 3286
1081 2558
75 4216
1761 4563
2910 924
4378 3231
3181 3365
2 1766
2032 1314
2574 1915
1162 4550
4352 4067
3149 4144
3614 3380
3970 1718
2658 403
2425 1016
4506 533
2236 795
401 4467
4208 1615
1939 3281
2684 2104
735 1719
2990 710
2060 2715
1180 3826
298 2914
3033 1172
43 512
2122 1991
960 513
3056 3975
1255 2358
4760 3390
2883 1155
1852 2370
4301 699
2424 2851
1459 44
4501 2229
148 1753
2069 510
186 265
3290 2935
34 3117
3035 29
880 1758
1691 3517
4466 110
4279 1306
1054 204
418 3805
55 4024
122 1274
2801 4439
80 2181
1421 2360
4016 3629
4446 1942
3544 324
1296 4042
832 3295
4468 2905
939 4077
1103 135
2433 1769
2002 3482
4633 1869
497 3294
972 3319
2535 38
3169 2690
1141 157
1119 2919
3900 144
2161 4409
1972 835
3530 2578
433 3572
3131 4277
2963 1795
3000 4170
2570 1544
2940 458
403 72
2763 110
83 4130
4252 2818
4339 769
3114 3745
357 571
3812 1346
4177 2207
4450 1852
3839 223
919 3489
2244 2225
4602 1184
1377 3866
1214 3382
4561 4537
2378 1725
2829 1141
3603 4534
3585 226
4368 2979
3771 1070
4011 109
981 819
486 3598
371 1690
1718 791
1772 1998
4331 4605
2462 2201
4288 1493
1669 3505
3174 3309
4679 341
2815 2074
1013 4341
2240 2389
4449 173
2235 2723
63 2951
2573 4370
681 3444
670 4656
2455 813
993 1901
2548 1926
2281 2837
3770 840
2861 847
1022 2188
149 2580
4209 3964
1763 639
1938 1598
2868 1184
4254 3699
1613 267
2385 1898
3111 61
2903 1975
700 1688
3283 2098
3519 2111
100 3136
2976 4622
803 4718
818 966
2144 224
1637 607
3483 4254
1713 1220
815 725
3517 307
873 676
125 4550
2619 399
1100 270
4185 1094
2545 460
3002 354
1367 587
1164 1673
4530 3825
648 1930
4219 4012
3698 754
1471 1614
643 2854
3551 2459
3942 748
4417 44
2459 4684
4455 1260
3507 1952
4068 2270
487 3174
2510 1743
2240 69
2300 147
380 3356
1089 604
592 2971
4771 154
3334 2729
3716 312
1543 2236
1828 3630
2055 1658
1075 1694
3800 610
3219 2185
3595 4046
3189 4283
444 2743
3679 738
1828 1533
49 2000
2981 929
745 2845
2766 3370
6 84
1455 2543
3368 481
3915 942
569 3854
633 281
1620 1524
123 2057
3571 2806
3752 2150
3624 2752
147 4753
3604 3437
3458 2720
1948 3892
534 4712
3482 3926
3695 2324
4722 1682
3461 4205
12 4668
3042 2590
2756 718
3146 336
1190 4096
85 4064
955 1397
2188 402
2381 3824
885 405
2053 333
4115 173
2523 4563
2820 4166
4170 3268
3146 465
4681 2364
654 3455
3353 3656
4727 3743
3720 4110
1172 1743
405 2385
3757 4734
1551 14
3918 2151
1111 2677
4788 1607
4070 3125
3596 1128
1776 1592
536 4356
4331 4165
3789 3008
2690 209
98 1212
1503 4756
161 557
3495 2314
692 3693
3841 3875
1877 3678
3421 1742
800 610
1066 2021
3374 1004
878 3501
980 3034
814 1394
321 3390
1092 4234
1043 11
1531 517
1825 3272
2719 3639
1904 774
3348 1276
3273 1755
604 2761
1058 4708
3445 1199
1619 1709
905 453
1945 2694
3564 2524
1673 1011
2803 1086
1366 4586
1553 2947
4525 723
2768 2030
3892 4245
23 4106
2676 2951
1023 2258
3328 2533
3438 1758
1290 2787
3359 849
4163 4166
4497 178
3979 4386
2666 4790
2861 1497
3238 1877
2967 275
1367 1502
3592 1444
4257 3629
777 2248
54 3302
3532 4429
3384 3781
58 1910
2126 1491
233 1310
3086 3657
2954 1984
1155 4670
4264 3942
1334 3730
3130 3502
518 1008
4361 4698
1272 2344
3057 4580
3887 16
2086 1443
4070 3430
134 4261
34 1496
2468 2051
3004 2285
4022 2547
629 3932
1202 1794
1255 393
3376 2474
3108 1832
4274 4655
3469 2921
2967 176
834 1420
4718 3472
3021 2763
4734 4477
2633 3128
484 3709
436 1412
3509 2932
281 1091
214 2265
4517 653
4531 1279
472 3050
3063 1698
3871 279
3435 2721
3894 4109
3380 2084
4571 4478
4208 268
3782 3855
3127 558
3650 4095
2796 807
2096 3785
2834 641
1356 69
482 1055
1019 590
3543 1423
2644 2640
440 846
4570 331
348 2635
2875 596
2093 3821
440 970
190 341
937 3742
1637 2736
2259 2482
1421 3504
2948 170
2239 2810
1101 1939
835 2106
3530 3491
1770 4218
1762 3380
2048 305
3857 3522
282 2138
1206 2754
3606 1848
671 3958
2184 3975
1004 389
4597 3026
3406 87
67 1904
2070 2171
253 771
3585 1226
3275 909
4058 3351
1657 2349
280 1372
2675 3816
2916 2655
3112 2823
2519 71
3634 3693
3915 358
2670 3481
899 340
1344 3737
2307 195
522 4559
367 87
3709 3299
3607 2252
3907 986
2962 3387
3882 1196
2289 2543
4168 2938
874 871
820 4163
207 25
4004 4629
3259 56
4743 3216
2452 3872
4313 3256
3870 2659
4169 546
965 3880
2347 4674
450 2154
3579 1403
2370 3081
3249 3861
436 4489
4133 1298
2610 1326
4305 634
2605 961
1461 3211
1273 4475
1353 145
2091 3991
4767 2110
839 2176
2054 743
1314 518
3975 2947
3054 3815
4237 3575
1041 1802
2923 2325
1491 4373
4445 269
3429 1924
3677 206
4104 2520
1445 332
2187 2550
1348 4515
2017 2966
4561 4299
1803 193
1423 651
2021 1386
3589 4002
1502 4318
3622 3755
3937 4673
3138 10
2257 2193
448 1652
112 1517
3936 3941
3707 1216
3022 328
3442 2287
100 3131
167 4056
1760 1404
2521 4687
2052 3468
4401 3046
3724 4410
3587 44
330 244
2729 4542
3663 370
803 4180
1841 4554
897 89
2150 3788
4106 1051
4568 2009
1728 2057
3708 4034
3626 2473
1177 3492
3666 3130
4682 2199
255 4292
4372 4724
4120 1679
1678 798
1956 4130
4007 4445
1962 2571
4147 1244
2416 3872
3966 2031
2189 2439
4218 449
3910 2958
3392 4029
4555 847
3278 4593
3352 779
285 3672
971 107
4194 3092
2754 785
2280 1085
4716 2096
4218 60
390 3164
232 1971
821 3167
3789 1345
3036 3143
3989 3909
970 1789
2394 996
1402 1356
2978 412
2441 2317
659 217
3111 2183
3976 290
1779 4072
1094 512
1338 3368
1913 2618
1120 3413
2115 1620
2913 1928
4038 3841
1279 4741
4613 1045
481 3094
1718 112
4334 2443
2373 444
3384 2063
2766 1151
4386 2312
3286 308
1075 4112
3104 143
175 1707
1376 2587
4667 4662
1928 1371
19 2492
3530 635
63 3181
4057 4637
1753 649
2905 580
2948 661
157 540
198 1914
286 1087
948 1092
4100 325
1831 599
631 2375
2472 2842
730 764
2973 3510
1050 3469
3719 4324
1356 2993
1306 106
1357 4099
2475 4245
3580 3858
4421 2197
3736 1010
4265 4303
855 2362
3619 365
3099 4037
1475 3932
3102 167
2552 3973
1009 4458
1567 3083
1757 2879
2365 1144
4562 645
3861 2135
2615 3567
3331 2891
1519 2222
3159 3903
3916 3215
1964 2270
728 119
3409 2115
2598 3250
3583 298
2617 330
4275 1196
2722 4589
3842 752
212 79
256 2131
3832 4496
3390 32
367 961
3562 292
3402 1161
175 2695
1131 3523
225 1249
3405 2573
3406 1624
1066 2748
2663 2493
1397 828
1224 111
546 2555
1270 129
3660 1764
1052 779
2759 1310
278 3652
3441 3924
4387 2148
1381 1970
124 4541
3709 4216
3366 4425
3815 530
1272 3012
1915 942
2036 1184
1735 4721
1826 860
3735 2616
4607 30
1876 3758
1850 1413
2158 2012
3357 3686
2719 107
3689 1908
4076 146
4139 3745
1116 3894
1110 410
866 3008
681 2125
1088 85
4553 389
3390 1945
2186 1055
3658 3708
2805 4572
3570 3260
3149 2044
774 40
2269 3991
1148 2248
4464 4212
4203 2410
2599 3384
1562 2116
3950 4280
866 2114
1741 1048
7 1898
4600 836
773 3884
4745 3329
258 2290
3240 3470
4637 1
1933 761
556 4317
3770 4211
249 3672
4317 1194
1963 1419
213 762
1905 748
1516 129
2481 2152
1522 3550
653 3945
4667 107
79 48
930 574
2541 3481
2215 2904
2050 2540
2568 3761
1030 1890
1730 351
3068 83
4191 331
3097 2578
381 2046
3119 1202
2291 378
731 4173
3761 4377
3295 1195
4401 3320
65 3617
1833 3342
77 282
814 47
292 4459
4428 1115
3283 825
4662 3067
1796 48
4692 4611
1489 3613
257 4217
4388 1800
2066 1626
2272 3831
1079 288
3085 4184
3337 219
1831 1923
3020 3137
277 841
3077 1909
1062 153
2968 4496
4271 1531
1888 2295
3887 1092
4777 214
1223 616
4125 158
4677 2301
1931 4724
3189 179
528 656
4728 1882
3584 2588
2744 2684
4325 2819
872 1883
1320 1741
2100 329
2569 3832
1272 4352
3152 201
2595 3119
4495 2752
1702 2774
1181 1111
2636 231
635 3888
2898 2463
1983 568
2636 3879
1873 4579
4063 2557
2278 1772
3648 15
4101 2503
350 4756
919 3904
1613 268
947 637
22 418
1556 456
3744 207
1436 4526
2009 4601
4524 859
4705 2483
3733 144
2405 1208
987 2601
1752 4621
936 915
4578 2038
2587 3563
300 3384
1801 1979
2844 3353
3680 1157
106 2072
3497 4164
2597 2438
607 4585
3442 2065
1528 2552
34 361
1577 228
2414 1839
2023 2296
4168 4108
4041 3591
4777 2576
3850 4336
4580 561
1584 970
214 390
3853 3269
1715 3461
3287 804
1246 3718
868 1441
493 2171
3706 3124
3069 3106
3062 4062
2532 4460
619 4433
3895 2604
4091 3442
1897 2944
1286 571
291 700
1917 4018
1091 2132
1990 2084
3046 3532
2115 1496
3262 2673
633 3440
4620 2611
3239 504
1830 1242
4268 321
3623 2945
1892 3911
2878 4375
119 3256
3400 3859
4703 1113
3644 2808
1619 1569
1044 2611
1571 3392
1531 2222
1003 1588
4740 2195
1672 1216
917 511
3724 1433
2381 734
988 1253
455 303
1772 3987
1066 3316
76 4463
3005 982
2557 3079
3346 1387
2282 3597
724 4658
4494 2031
841 3845
1746 2304
1904 2562
3332 2571
4165 2067
4104 3809
1163 2320
3891 1192
746 3515
4555 1182
3788 1765
675 229
1068 861
4549 4448
4370 584
1685 10
2336 4262
143 2117
1005 1606
3608 1975
3798 3719
3852 3330
837 3252
203 1567
1166 74
61 2416
899 3836
3765 1387
154 3606
3349 4271
1703 2202
2907 4314
2202 2667
1660 2692
329 2910
1717 1684
3010 4031
132 65
1339 3986
2176 1675
614 3512
953 3138
4393 3680
4754 2167
4515 4326
4151 132
748 2447
1621 324
2278 1484
1061 2641
2696 3907
3841 3853
4605 1993
738 2877
1803 847
1222 1361
961 53
3921 4102
1900 549
1902 149
3768 185
613 927
2551 251
22 2790
384 2000
2379 3898
3571 2236
3225 3255
2074 3859
4062 3993
4696 4333
2962 3869
173 3492
3832 2248
2345 4242
136 44
4656 976
251 686
1581 3373
2881 3446
58 4387
2347 3322
282 2041
376 363
2591 1673
1775 4631
2399 4322
995 116
3391 2200
1860 2090
3957 3703
1824 1234
2947 51
409 3014
3519 1987
4459 4390
2004 3699
1971 2403
316 985
549 3992
254 2864
2644 2229
18 272
2303 2661
2006 3214
2859 4295
716 3923
1812 1020
3791 53
537 927
4078 1066
807 4399
4715 2691
4160 4185
3363 4055
4562 1866
3634 4280
670 2788
3786 4536
1213 135
4376 727
1086 894
1551 4614
1649 2063
4027 4540
2311 2525
2213 4749
2203 3169
4115 4377
1225 372
4570 4142
316 732
4643 539
3238 3189
864 2659
312 3819
2224 93
1635 3813
284 1064
4220 3107
125 1493
2620 2677
29 2320
1830 4372
566 2673
826 635
2511 116
1544 4343
2479 2974
815 4084
1071 269
508 4202
4745 793
2870 2778
2921 304
1597 3675
140 1512
572 2665
2712 108
4136 3152
4051 467
1323 3539
2376 143
4417 2838
4289 3021
4495 1021
2733 1024
1545 1469
957 1679
163 981
3204 4637
1081 1595
142 2924
3104 622
2639 218
3491 1690
554 1811
3373 2733
3066 4189
1777 1167
2385 910
2739 3002
2842 4496
2150 4330
3280 157
3879 352
2780 2763
1547 866
1941 1731
4635 649
1142 291
1576 4000
1967 2698
550 3493
1849 1048
1341 2718
1544 114
4542 1286
1938 1684
1146 3826
4135 944
224 669
3153 2855
2546 4397
4183 3917
609 495
717 1028
378 2676
1515 1855
3911 2587
1054 4452
4460 3765
2711 214
2561 2950
4199 4636
1483 1006
2684 2410
3900 2149
1320 579
2370 1685
729 1055
3087 120
1832 375
2654 1971
87 4408
3946 1322
2314 4135
1879 308
1316 2021
4631 3832
1535 4652
1308 148
2381 2711
2925 3757
2691 1696
4614 3800
1479 4569
4400 1175
4320 368
1591 934
3366 1939
250 4283
3050 2015
1563 2715
2960 1295
4091 2586
565 3107
18 2892
3459 4642
1741 4270
1734 2121
2148 2948
223 3929
3602 1929
3551 24
2726 1701
4219 4678
799 1432
3761 31
3584 1517
4408 3060
3000 2051
68 2069
4448 2937
3861 4494
3464 2788
2959 653
1627 3041
64 4619
395 4659
4238 1012
3937 1695
2778 4152
217 653
3544 3024
3017 3642
4060 4192
740 1487
2570 4175
800 42
2792 3750
4070 3102
816 3992
278 3239
2129 1728
2428 1944
165 2576
2309 4310
1559 1140
1829 3079
266 3500
173 1666
2513 2328
216 53
3687 3108
3991 2603
4444 3947
3230 2443
1627 127
4404 3969
1765 3905
709 160
3710 3759
335 3160
2211 1807
1103 16
4728 2935
2855 2084
272 921
3211 335
3688 4734
2232 4637
1113 478
467 3477
1847 2384
3068 787
4080 2173
261 3380
2118 4450
2406 3479
3832 1520
4722 3786
90 602
523 2957
1301 162
4481 45
901 4593
1997 4036
2792 341
1465 4083
383 41
666 4384
1188 1664
77 2155
122 1880
4469 2504
3802 4132
2847 4733
373 1259
2686 2455
3612 1856
2085 3990
3690 4617
2803 219
4326 3949
118 2928
4213 3324
1725 4066
3010 2588
2851 1700
2044 1951
3890 986
3205 385
139 4773
380 2545
254 2094
418 794
2993 3653
3053 93
1813 1639
3434 1893
1528 4563
4642 2197
1873 3118
2390 548
616 4448
1209 3977
56 624
1542 3475
1705 76
1535 2003
130 2837
3730 1022
1862 3753
3267 4343
4 839
1235 3071
237 1011
419 1045
4699 135
1438 2594
4474 4009
4225 2567
3573 3500
53 2804
1042 2212
302 2906
293 3557
2297 2449
2331 402
316 3252
4361 204
3238 3945
4448 2072
2319 3659
4348 4435
48 3576
566 606
49 501
4383 4280
3930 1705
1127 2927
2688 553
2422 289
4296 1344
4290 1123
1382 1580
171 3013
1385 2422
1146 1850
3038 927
4485 866
3623 404
904 1704
1329 4078
1698 1616
812 2964
1294 159
603 2766
1888 1154
1229 3956
3263 1652
1394 2013
1155 2790
1234 4366
632 1168
3672 3699
4175 1906
257 3774
78 4063
4641 2471
4339 2460
3806 1801
2494 662
2492 1489
4114 4225
4081 4481
2798 3826
4574 290
1198 2795
675 1700
1632 491
182 126
1859 1019
391 3341
3466 4400
1206 1302
4036 4223
1667 4037
4237 393
940 2024
2953 3616
3738 3877
740 166
1667 670
4032 1067
504 145
1225 2643
2497 315
2224 3221
2916 626
3356 2979
2673 2352
277 1793
1845 2079
1408 2457
2375 2978
300 4217
618 1795
1809 2953
620 3340
395 4670
2733 799
18 385
2867 4623
1279 844
1457 938
2039 1522
1268 3332
4489 250
710 565
1973 3674
2637 4424
4186 236
3506 1482
927 2285
3840 3488
554 3789
907 1006
1656 4431
3194 810
2043 1390
2327 2619
3604 1301
2817 498
3290 4737
3171 2153
4613 3292
3629 3298
776 1520
3201 2148
1138 209
3428 1397
587 356
1160 241
498 1787
420 1722
3117 2975
2076 96
2675 2590
1834 142
3672 396
3329 2592
2442 4285
1601 83
2022 4388
1891 2318
3764 2127
1602 518
525 105
1334 1209
1256 709
901 2468
2190 3021
2834 1179
2479 1551
4634 565
3674 3662
3723 21
193 1592
2656 1558
4779 3667
2700 243
3915 4319
4134 2684
19 1074
4763 2848
2626 1486
3442 3208
4596 3898
2798 4640
2144 68
3841 3995
1690 4589
4309 2780
3936 1584
1731 336
2452 231
1207 1081
1038 353
4142 2202
4774 1839
4488 2
422 2004
1329 2701
1114 406
1934 857
4256 4405
2862 2490
2825 2685
641 2558
941 693
3546 3920
780 4347
2905 3366
1749 3144
977 113
4759 2199
3762 623
2346 417
3787 3100
4022 1625
371 708
3267 847
1453 2702
2086 2213
1940 185
2428 744
2731 1567
3056 926
3694 259
3360 1196
1672 4521
3005 3227
93 2778
3180 1687
466 2803
4222 4780
3254 214
2689 3484
3557 1470
3822 59
1549 1393
3740 1792
2673 3232
1350 1972
4636 2678
2323 3222
371 2896
4334 756
254 1651
780 1866
1177 3252
476 3016
1757 4557
4430 2840
4707 1112
4033 1130
733 831
88 911
3378 3050
1794 713
3381 4698
1673 2647
526 455
4722 3282
3588 1999
184 2441
1403 552
747 3902
1897 4619
4535 4306
465 251
3462 2424
2097 983
1593 1602
847 83
2754 678
3330 3763
4420 3938
3022 4380
1907 406
3866 1847
2548 2868
3547 4002
1644 33
1266 2143
3485 168
1647 2089
974 3440
134 410
4267 313
1948 1164
2965 1651
221 1039
1435 1030
721 278
3351 1078
581 983
1692 824
292 2651
3890 2209
1700 1749
1569 795
2080 4357
4304 2458
4072 1541
425 4077
1722 3047
1213 2179
1917 4598
4014 3843
44 2367
4226 1322
385 1080
2399 2260
441 2059
3768 44
148 491
1142 1147
466 49
4091 1302
2589 4296
2063 1529
4558 2469
4143 1664
4673 343
215 843
109 2179
1465 4027
528 3844
320 1939
193 4325
3428 901
3667 2085
2793 1013
3185 2805
2582 848
3842 745
2577 3575
4529 2908
4751 612
2632 3650
3272 263
3615 1286
3813 2804
3026 3325
3341 1014
3160 4065
1479 351
15 358
3483 4003
206 2803
2705 3554
2380 1226
4182 371
3994 224
2489 3086
458 1971
218 4473
4648 4397
3136 90
1931 1963
385 3250
122 681
1842 707
1149 399
2511 1806
4265 4429
1112 2093
2596 3406
1813 4673
1511 3125
4028 175
4620 3619
1571 2252
3893 556
2385 1600
1738 1685
3633 2911
3876 2979
3270 3568
39 813
4380 4247
3584 1916
2299 3512
2334 4671
4203 975
957 2029
2793 1948
2813 1348
2713 2491
2547 2861
3278 4341
1239 48
3617 274
2918 4560
2032 3678
99 2217
1049 3326
2551 464
395 267
4707 1595
4771 977
3004 3990
2078 2475
2073 3655
4745 4297
76 1149
3582 1193
1516 982
3666 867
225 3263
1904 3622
2675 4063
4010 3128
1592 1707
2701 1429
333 4475
77 1094
2120 3986
1926 855
3510 2459
355 3328
3314 3717
3064 2063
4541 743
4026 162
4645 918
2299 3582
3274 1442
424 3413
502 781
4448 4510
665 2002
1025 3187
2538 1775
2821 4176
2767 2282
4263 3397
2614 2264
2517 4515
564 224
4218 31
274 3478
3285 3089
4227 4203
1509 2368
86 334
1169 4122
1735 1788
1872 3009
95 718
2722 1773
1304 4413
3923 1842
3590 3485
3277 324
4037 4536
502 679
1617 2042
131 3412
2588 3848
4744 3359
4090 4588
2266 1447
4641 1118
3927 2637
3640 1891
1283 2071
113 45
2627 2275
4045 4546
612 2190
710 1933
1317 777
2959 3511
271 715
3380 3533
1211 895
1636 1350
4144 427
997 4747
2202 3378
3990 2470
4096 1538
4039 195
3545 1361
3206 4437
117 3416
2802 667
3172 4018
2723 3536
2970 2441
3672 918
2650 704
4585 1821
409 4638
308 295
1677 4654
4441 4564
3627 1613
2622 13
1397 367
183 3864
903 3787
3927 162
2816 2059
663 3744
4309 4683
773 2799
2225 1947
528 3847
1127 760
4674 2150
1165 3018
2548 4304
1639 4361
3798 2610
2101 615
324 4503
2459 3274
2951 1695
248 98
2137 352
161 2978
784 2426
796 2331
3514 3848
1824 3120
569 198
3849 3324
4095 4659
2219 3774
4050 589
945 135
1397 2086
4468 2277
3122 358
2133 2542
3434 1057
795 1078
699 3953
1202 124
1247 4644
4464 4683
2833 3670
3854 1882
2517 762
322 563
3616 1212
465 2879
2084 2377
1534 1181
1515 4478
1245 3908
973 2132
107 1316
3548 4622
3288 3638
2219 1733
381 1887
3063 3056
2033 4738
4009 4372
999 4669
3171 915
3492 4123
1535 1951
3518 4575
4619 3062
755 4515
2710 284
3708 363
3287 3352
4522 4656
4447 825
306 3658
621 1811
2612 1305
2645 4036
4061 4579
2377 1378
809 1053
4178 3860
371 568
1079 736
1604 91
3341 4481
1853 4530
1355 2960
2773 18
4522 2766
2000 351
3082 1085
1976 3668
1503 780
4044 1489
1485 1051
3934 4506
1288 2861
4433 2874
945 3584
1513 2417
4342 2680
2405 4067
2449 686
738 4013
953 2240
4504 2497
516 3572
2974 4237
1244 4311
2165 2570
819 82
215 4423
3957 4538
4610 2756
3922 3426
493 3367
258 1110
1175 1938
3305 3969
3639 2326
1879 2596
2328 1195
515 1239
4190 2626
762 2663
4011 3526
867 567
2456 1683
4412 3851
1775 3580
2391 4463
88 2494
4655 3926
4664 162
773 1134
1296 3511
1104 3692
3490 2765
4360 3112
2546 4649
378 4690
2222 2038
2249 1760
4672 2491
4551 1641
1844 3344
4257 4255
702 4395
1758 1144
4343 546
4119 48
1264 2385
820 599
1652 3369
996 3184
1780 2908
2797 2926
127 2446
81 3773
2440 2386
2313 586
862 1160
341 2780
3001 603
2075 443
4613 1071
4023 1478
4708 1381
1060 4144
1794 1863
4272 1705
1051 1533
2557 3687
1630 671
1740 1047
3078 977
3045 3499
4128 4257
719 2067
3773 210
2930 1835
4104 4242
4172 360
1139 381
1011 1419
2836 1574
274 494
1755 1643
1430 1840
507 2853
766 3578
1156 354
2707 2333
2489 4755
1589 666
4539 285
4685 400
1442 1744
4084 3377
4282 146
803 291
2777 98
281 1513
1471 1269
4483 3329
4099 2345
2319 2734
2395 2555
2929 3651
235 4325
1467 4152
688 2887
2975 562
1934 780
1849 1816
112 1814
3412 2297
595 2331
162 478
372 3479
3548 548
1414 130
1135 1374
4313 3523
3863 272
746 2095
3681 4336
480 451
2112 863
1852 3263
1257 3911
1759 4208
391 934
638 4782
4314 2345
3013 818
1132 728
4578 2918
1325 47
1853 1858
4188 2787
3213 1955
1419 630
3734 2070
3918 2324
4502 3297
4779 360
4590 2600
4717 3976
2766 1690
49 496
4077 80
639 210
3976 2472
1096 756
2602 1676
4737 1101
913 2002
1405 2657
629 827
19 4064
543 330
1640 3740
3597 3589
379 2714
216 3996
2267 4441
126 632
362 179
2013 1513
2807 2880
1171 2621
1148 4386
938 229
2525 3006
1641 3584
2699 1637
3805 1872
4686 1056
2354 1986
39 4338
184 3700
1046 1700
4513 2434
2647 4442
3961 3849
192 3793
1435 134
1516 4158
3010 676
2689 498
1585 1596
2008 366
34 2156
3512 2568
3814 343
2240 247
4358 30
2812 69
4340 2617
2289 4546
3266 2128
4102 4201
1544 2414
3355 2267
2019 823
3605 258
3723 3122
3959 3253
1955 4268
2862 2058
3311 2089
4274 3250
3963 317
1049 4381
2076 3657
3408 4486
396 4407
3315 2286
2550 505
179 1414
2266 2865
4737 3150
2964 1429
1339 2928
3517 3360
1847 479
3698 4718
1553 4376
419 3927
3740 3455
3822 4189
27 2196
2232 3265
3029 4325
4360 1941
3218 126
1671 4267
837 861
1296 3763
544 4426
4080 1004
2755 3888
2466 1178
1463 3996
4113 1244
4185 413
2491 99
1367 3346
4541 2032
795 1943
556 939
3918 1045
3867 936
3542 4625
3000 1967
1312 4732
1616 14
1390 71
957 269
1160 3186
2198 4442
393 2432
855 271
2545 1453
2266 1633
2568 3146
1218 957
1367 4140
1280 4054
4649 1112
2961 344
2938 1794
438 2240
3996 2317
2489 313
643 1268
2160 3716
3200 1021
1671 221
1931 1401
3155 3794
1648 2336
1042 862
1497 3234
146 2428
2848 1477
4490 1521
1014 283
3484 3846
4330 3381
2733 305
1865 1914
4590 1569
1146 818
728 776
824 298
4698 3690
4236 2003
4581 2926
192 2940
34 1262
3346 67
325 2153
603 3713
329 3534
4737 3644
833 387
2308 4319
991 1352
3531 1923
3860 4218
4511 4087
2556 1653
2788 3528
3539 14
3517 3718
2647 3547
474 4727
3686 1267
2901 1938
249 3167
4142 2845
1511 2542
2172 1027
604 4344
4198 3899
1914 1633
157 3978
2550 2727
2872 3927
2332 2760
4535 3249
2706 2530
895 564
3478 3828
4134 1268
379 4530
3025 216
1597 1602
588 1643
125 4415
257 4150
749 1567
1172 681
3326 1456
480 1630
2792 4014
939 2686
725 211
178 371
806 221
1238 4043
3506 4670
4366 212
774 2553
3611 4019
2291 3848
677 1993
1583 634
3054 1148
1693 1043
208 4759
1276 133
3418 3811
362 1578
153 1070
3330 2604
1424 905
4753 3774
1397 1812
822 3244
960 183
2909 4067
980 1549
4537 4706
4165 4197
4473 3757
1850 2014
4162 4615
420 4585
1529 2667
2758 72
3021 492
4765 1447
841 3070
16 942
3578 3520
1192 2033
203 2845
2796 1385
4173 4400
4197 106
2340 1915
2320 4312
4115 4704
127 1839
4577 4492
1239 3900
2970 4433
2570 1659
663 1412
1933 2918
3827 2145
3041 579
4386 3399
4751 821
801 4369
1196 415
1953 3477
3635 857
437 1390
2827 3013
3174 15
567 3374
4732 315
1281 642
3005 1261
3284 3040
1033 421
327 4437
864 2518
1896 3373
2670 1459
867 4681
234 2580
475 1356
4580 3950
4438 3109
4409 2152
1603 701
526 4500
4677 2599
598 3908
2657 1067
4001 1828
1289 2016
563 104
511 1511
2016 2489
4684 2292
1503 2815
973 3515
1984 1653
2732 3499
3437 3969
4121 96
4749 1076
1408 3720
4060 3996
4050 1162
1143 510
99 2782
3982 115
2528 4387
2978 1026
373 2217
1662 1730
2415 2135
3086 4293
2224 4477
795 721
1328 1424
4739 1012
1304 3711
2336 39
4643 1072
2742 121
2724 2223
3237 4506
2 927
594 3869
2506 2914
921 1518
149 146
92 241
361 3689
2139 4344
1011 2384
1173 2509
4183 2976
366 3552
3102 314
1128 244
3394 2623
2435 4398
3685 4781
1528 2529
271 2681
4724 1854
602 1790
1108 3306
706 948
282 4083
2411 795
3571 1870
558 2703
30 4645
622 3345
1684 1696
2813 2255
4329 3650
1140 3586
4628 450
136 1350
3494 1584
2384 2214
904 3614
48 3127
4229 867
2398 1950
259 2097
2127 2429
448 2150
3325 1871
895 1592
598 1881
1239 634
4726 1253
39 3687
3293 903
3900 420
4551 3881
1497 939
981 272
2729 2843
1594 1532
4523 4180
343 3963
3441 3560
190 227
2280 568
2463 4146
834 1449
2815 3491
4291 3281
3588 1829
232 959
2541 4768
771 3541
3518 1584
4711 2134
1217 191
2828 3675
3020 1389
65 650
4338 4319
2615 290
2564 1654
837 1145
3002 788
2655 4753
2781 3372
1461 609
2823 3327
2007 499
4669 4735
1280 3450
1553 3704
411 1064
2884 2354
3676 1398
103 3904
1795 671
3625 412
2058 455
2832 2261
1793 4077
3871 3658
899 13
560 714
534 2258
709 54
4532 2829
1318 4540
1001 2960
2858 936
2106 3753
2708 2768
2561 3716
4643 4018
4217 305
279 2295
1928 1341
3667 1350
1219 3859
2887 2153
4134 2585
4612 3538
3849 3578
4397 3256
3476 1463
3338 467
2024 74
3064 4416
130 3772
1291 1613
1661 2101
170 3768
723 1018
205 3680
1606 4386
2884 787
1589 4602
4581 4755
65 1534
2889 1979
3765 1880
887 4517
1697 4194
304 3189
3655 1840
2381 2189
4074 3076
1246 3727
1120 4257
3046 3919
4009 2593
2374 2769
4287 2748
4165 1607
321 2346
4478 1004
1209 712
4671 2679
3372 1746
1483 1480
3688 4599
1353 2389
515 2975
1185 4268
3745 2612
3858 575
4444 973
3155 1121
2847 411
3782 3318
4167 1560
1496 1258
363 2808
4045 2159
1919 979
1202 686
2340 95
1725 1109
4617 1458
3261 297
1451 2813
2880 4135
1067 217
1194 4327
2165 3466
2973 2027
4635 1409
2816 1476
2406 2129
613 2168
2692 4266
3341 2060
126 4092
875 3679
1897 598
578 2190
4102 4043
4493 3051
371 1034
1694 4769
3591 2798
1834 2046
460 3425
33 2213
1868 2915
2507 2505
2456 3132
4664 2221
4446 4291
3452 1088
1302 659
693 1440
3542 1445
142 2470
1220 1371
2724 4718
866 3719
3121 3308
3927 2400
77 98
1099 891
4443 4586
2841 1745
756 648
129 2449
4700 3941
710 4081
4641 4305
809 197
610 3491
2138 3622
3326 723
715 4496
4478 740
1763 3147
247 3420
3081 3416
2359 2333
4641 162
3075 3264
4613 776
4734 99
1771 4788
1871 2931
4194 3137
3772 2891
870 1265
2311 2873
3296 2039
10 1188
96 153
372 1717
3363 1965
1251 3704
1392 3835
3825 1197
3500 2265
2856 3295
3035 7
411 1142
4720 2149
3322 2468
1800 2041
3918 3258
491 4324
70 325
2673 2563
4321 4124
990 1418
2812 4109
3040 4448
1485 290
2571 1360
2826 80
3905 181
1971 1218
1030 148
2924 202
1185 3731
1182 1182
3467 4455
3574 572
693 4273
1585 4736
2782 1922
3992 4349
1608 1512
1589 2783
274 1836
529 3919
3365 3921
2716 4687
1046 2099
4768 3571
3004 2019
1006 3697
4207 3828
3616 4738
168 60
1826 2162
3499 4684
3411 3628
4579 3641
2708 399
4075 4601
955 1574
3127 3215
3816 2442
1463 96
3669 2793
3459 2400
1414 2865
3665 4762
239 1773
3145 3323
833 2410
765 4500
2829 4281
170 1447
1400 3196
3055 2169
4553 4345
4083 1865
4153 2159
3639 1092
3565 2888
210 3110
4328 1145
2444 1239
1411 285
3818 1581
3793 4371
4738 3255
4085 1461
1868 4008
3655 3906
3285 2262
3032 1507
1872 4708
4035 159
2519 3013
3603 3203
845 3502
1946 4102
1592 90
3903 237
95 152
4776 240
2902 1808
4664 1394
521 3695
4770 1150
2622 2641
3657 2739
1576 4704
4274 951
1552 3644
479 1232
4330 4429
4775 2676
159 3130
1121 3659
780 2375
4371 243
4489 3312
3362 2112
67 157
4413 1016
4325 1163
960 2512
1623 469
1347 3961
2776 2936
4625 4073
375 4635
4144 1360
1083 862
3790 276
3025 1228
700 1253
451 2415
1437 1954
1021 1924
2906 2314
631 3489
113 1263
4249 2551
348 292
1112 2712
1498 2990
2870 2475
1271 516
1478 1458
452 1704
1545 2747
396 512
1425 3916
3994 1969
1183 488
2383 411
292 1046
359 3567
4783 256
3926 4444
3089 1281
2712 592
124 4744
2124 3939
2763 3321
4464 3857
1252 351
1825 3722
74 3033
348 1685
3421 1115
1933 856
4721 3142
2982 4030
3377 343
1473 1681
1824 2953
305 6
778 4119
3779 1356
4456 313
3011 1152
423 1183
2563 4085
3975 2068
74 723
3174 2261
233 4421
2086 3816
400 1480
1985 3695
1582 4565
1381 208
4005 4026
2419 287
1582 848
2944 2608
1425 2059
2223 277
3167 88
2705 971
17 4303
682 3061
218 288
3718 498
1627 3363
1388 3084
986 1695
2376 3261
4653 361
2501 1661
1900 4602
1188 4480
301 634
803 351
3181 4228
3336 1281
134 4223
364 1815
2427 1428
2883 3055
2402 2984
3428 3605
503 3986
1250 1389
3361 3842
1449 459
113 3276
73 4549
1627 2534
65 2313
2577 610
170 4396
603 4049
3508 2884
3695 2277
3260 4290
527 4532
3129 1857
1688 1158
4176 2028
194 906
2028 3927
4083 2312
1194 1960
750 1566
2988 1109
3627 3194
153 1796
4080 2214
3471 72
3285 3788
3250 2415
4401 272
3236 3189
2069 4290
250 2017
216 2840
2110 3783
404 2190
4744 3857
1902 3662
2963 3462
890 1031
4270 101
1226 4480
2244 1990
1235 1873
4461 4769
223 1347
1702 2806
4615 1412
1563 1470
1765 3724
1016 1611
685 3336
2342 4665
2249 51
29 1632
1500 1929
4433 25
4656 3471
3066 2389
537 1967
1594 145
3519 1229
829 3761
4244 3450
4696 4654
1333 2818
4336 1090
70 185
3050 4172
327 2891
4439 3108
4511 1974
2254 3375
1798 2868
2645 3636
180 1422
1432 386
2966 398
242 3255
3337 2181
4676 159
701 259
1127 3789
225 4217
3665 652
4755 2746
1685 828
874 1706
1792 3823
4682 4627
656 3242
4376 4769
1450 554
1042 3403
2333 1588
788 1777
753 4636
2800 2404
3609 1708
3062 4086
1814 1570
3730 4458
1738 3297
3929 3793
1013 3807
3376 3511
293 662
1934 2933
4775 2960
1811 576
4473 425
2023 3442
3169 1971
4414 2169
1295 4308
3822 2937
925 2252
2592 4277
1946 1217
3850 1494
2265 310
657 4733
1230 680
2544 1382
1021 4159
1487 2440
1269 4408
3502 189
252 1737
4690 1594
723 2603
2716 3890
3826 407
1668 1891
962 1271
4739 2042
452 997
4266 4399
4701 1764
4053 1341
4569 2569
2576 1985
3450 844
16 4685
1748 1160
54 1600
1377 2570
2734 342
2202 99
4409 4000
2684 3969
1843 2010
3302 3728
2718 216
1870 4018
2657 1095
98 1142
4637 1193
3872 3051
3664 2761
2370 4632
2061 993
7 4039
970 3580
2631 1050
4748 2505
3836 748
499 1614
3690 1867
2187 4093
1164 4351
1856 4761
4147 4326
1529 1728
3171 1447
722 1066
1147 4592
4765 1203
1511 1462
4271 3915
1170 745
642 3954
2386 276
1158 143
4420 4609
2285 3584
156 2102
1387 3055
1152 4617
2958 5
3740 1902
2113 1569
2505 1435
4033 1397
379 752
2014 372
583 3789
3489 4138
2429 833
108 1303
471 2115
1031 3991
1150 3738
3110 1582
1271 385
1855 3636
2000 50
1981 3121
3964 2340
1719 4238
3358 4382
3801 490
4117 2246
3401 227
3343 432
2272 3215
2239 2527
1509 2165
3057 15
3323 62
3455 4694
219 1424
3785 3687
3477 3738
927 2450
367 4571
913 2107
4281 1460
4311 3288
3103 3613
843 4158
4491 1021
4706 3262
142 3739
3556 2626
1667 3255
4333 3446
2432 977
3841 321
880 3187
2792 3772
1833 806
3675 1060
1820 1266
3523 260
3241 203
2142 3217
933 716
3273 4678
3485 1527
3966 4741
686 3053
3198 1186
2902 3901
790 546
4258 3551
1488 3035
1031 1454
3640 589
550 3267
750 2634
46 1203
3737 3354
2169 1162
1591 1176
1089 3840
141 25
2188 1349
216 3228
3101 503
1669 877
3834 1453
1474 1783
2419 631
1940 2114
1148 4716
4344 2706
2660 1262
987 366
3451 619
1497 3757
3571 4179
153 2444
1488 3926
780 1703
2933 2415
88 2548
4371 4482
2555 4782
330 122
191 344
3185 3645
4016 3766
3181 1438
3003 1747
3658 952
2358 2549
4773 279
2838 4422
2873 3703
3877 3848
2272 345
3548 261
513 1665
343 655
2463 4392
3920 1813
4359 4200
1789 310
98 3619
4081 4132
537 1155
4443 583
3686 1173
829 3429
1764 384
3894 2489
4149 3672
1323 1038
2066 2147
244 2585
143 757
3643 2548
3997 1862
110 4413
4073 3653
4136 1630
1413 2408
3649 831
937 2619
3208 3282
3285 55
370 4285
1892 35
1772 1193
3310 1946
675 202
1642 245
3055 212
4670 4230
3630 1270
595 67
75 482
754 2866
3157 4130
1248 320
2994 3788
4518 1444
2141 1110
3220 503
481 397
2721 2403
2364 1371
2018 649
2274 2990
1014 1342
3956 2279
3091 2859
2441 472
15 3170
2691 3293
4674 836
746 3357
4562 1243
1580 3637
331 4065
1299 3859
3251 1162
568 4421
2983 3971
4345 4742
2198 1355
3331 1468
722 208
4738 280
4698 1243
2452 1221
1860 334
2750 2585
2138 828
1252 561
1293 4461
44 3752
3326 2306
678 3226
1078 617
4730 3327
3180 1286
4458 103
1853 1756
1087 16
1279 3236
4009 412
4235 1421
4701 664
891 2202
439 2049
1272 2210
4388 4587
2982 1467
3060 4397
1965 1082
494 4336
3033 971
3850 2031
632 368
865 300
1590 3710
3249 1708
2710 2865
4274 3758
4747 4167
2527 957
4510 4089
2451 1903
4094 341
215 4352
4626 4653
1758 1417
442 248
3213 2305
96 1511
3561 33
2334 3496
1312 223
1268 4651
2504 2214
482 576
3654 3647
168 2447
3676 2107
2124 2635
352 1564
42 2302
3759 1875
2496 4058
2339 3128
3172 537
982 3359
0 1633
164 1566
4486 3656
200 3391
179 154
3952 4547
4400 4711
4216 3627
950 3685
90 4248
3494 560
2018 990
3569 3882
1690 1039
2447 4523
3058 165
10 2120
1068 3973
2263 2551
53 4624
3515 2327
3922 3260
3034 4448
3864 1931
1106 1984
2904 1358
4225 619
2397 263
3147 1891
1692 1930
2053 397
507 1518
3379 238
1382 602
4760 1002
2297 3039
2013 1550
4551 787
4113 547
2095 4557
1788 2303
4256 3625
3356 3642
2697 1764
280 3519
2414 4042
3942 2960
111 2416
1879 4254
2110 860
766 1232
3316 4499
2543 3660
3189 4323
3622 3320
693 1727
2977 1128
141 1469
1468 1003
982 662
1111 1286
1626 2967
2908 4576
1382 78
3100 1531
788 3660
229 4276
365 4266
1211 1022
1104 3874
397 3587
3704 19
4764 1205
1082 4000
892 1519
2178 1657
733 4121
2277 3526
1232 1873
4783 3237
2696 721
322 4250
2458 146
1620 1087
2768 66
4788 2431
629 4531
4365 779
3498 4784
875 815
2833 2827
4500 352
2079 955
3118 564
1224 2587
2693 1910
3116 431
1967 1132
902 1259
3662 2909
4726 1164
386 608
3807 325
3255 135
3576 2111
4297 1400
4498 256
83 2645
3345 2223
2111 1582
4608 4550
2582 253
4498 2595
2225 1460
2988 2082
4033 2567
2085 289
4763 2033
3268 456
2610 4739
4037 969
3079 4140
3643 3687
4078 3053
3966 4143
1121 2025
4035 4358
270 989
3356 2185
2084 4030
3457 733
2112 1843
2254 2430
970 376
1558 2186
982 4395
3389 4529
2087 2567
4200 3327
2502 842
3488 2747
1283 3338
4329 1891
1993 1398
2287 3794
1606 1738
901 2042
3460 2437
1380 296
3037 2731
4255 4431
293 4414
2541 318
2658 4236
2763 317
88 121
1720 2310
459 3304
367 2408
2107 5
3475 3557
4742 4385
1828 4138
832 4579
3490 1561
483 4467
2900 4257
1635 785
346 3951
4639 2642
4531 4339
1637 2803
4784 3184
1996 3021
4510 1475
1447 2391
4367 3740
2100 192
1489 4100
799 2058
1819 2896
1299 3428
3541 1655
3707 2673
304 709
2046 4090
2996 670
4007 65
396 3799
196 3664
3212 2308
2425 1417
4240 889
3127 3058
28 239
4565 4453
1407 4182
1359 2104
4088 4765
492 1126
3652 3072
240 3461
140 3214
488 1640
3284 4091
2287 1926
4208 1853
2262 639
2535 4333
2050 3428
42 4092
2265 1210
1083 3292
2971 3275
721 1917
4314 527
3891 3936
844 3735
2215 4315
1986 3103
3934 376
2833 2419
816 625
1941 4093
291 4067
4535 11
3443 2841
2646 1124
686 2801
248 2760
560 1705
469 4075
4362 3319
2231 1798
3191 2007
1856 3282
742 4288
1611 3814
105 1962
117 974
226 779
4611 4145
4470 1900
4393 2985
511 695
148 3109
3059 4331
1313 64
240 4692
3463 2339
490 2485
3166 1857
2573 4312
903 226
1296 1396
4107 3751
1633 3404
3929 259
2084 2126
3443 199
331 1479
1558 4437
3464 1287
159 2640
2988 1318
2906 4414
2431 2916
249 3339
1967 4353
2762 3162
35 806
2547 3677
487 2358
1971 4655
2316 3069
1519 994
2585 560
1434 2070
1903 1482
3781 1297
438 4469
1738 1509
3029 4131
2300 1602
564 4381
3810 3336
3390 2591
788 2489
3308 3820
998 4412
1841 1177
2713 1897
3979 1205
2362 1500
165 1434
4483 3139
1222 3798
1048 1754
1218 1172
4046 1897
3806 421
2099 882
1425 1358
4335 3198
4438 4326
1989 4636
1466 528
3038 366
1080 4041
2621 3753
2808 3606
3179 599
1009 3836
60 3957
2148 1110
727 3218
3385 787
3493 770
3157 3881
3792 1023
763 995
4375 4348
1 297
56 88
3874 845
2247 2897
3581 801
2344 1973
1843 4098
780 1592
3083 2144
410 1214
1538 4399
330 3541
3508 4660
4083 18
1116 1054
2569 1628
2425 1425
2031 437
1216 1925
2576 2382
3048 2918
599 2421
2035 4247
1242 932
3076 3130
1290 3480
2974 1866
2113 4426
2488 1279
3146 3203
308 4145
3062 175
3997 3409
4565 595
1319 3797
1680 1528
4531 1503
319 982
1804 4005
2147 782
3943 1392
1847 2827
4706 4675
4525 296
681 3299
4507 1545
2370 384
853 2229
525 37
2569 2075
3815 3296
2380 4697
2792 1475
1159 902
991 247
4367 3613
1765 1366
7 4037
2302 4227
4481 4509
2535 3615
215 3111
400 3293
3149 822
70 684
858 3355
3985 3965
4242 3205
3639 165
3153 4008
98 3064
3073 2289
4614 883
1540 3710
1354 3577
4457 866
569 267
3644 2147
1812 3150
4584 888
119 3525
3818 2416
1063 9
739 3359
1530 1181
4081 1674
648 2608
2589 2713
1077 1823
2113 819
729 1906
3726 253
432 4445
4288 2530
3516 217
1409 460
3868 4437
4597 3405
1793 1324
215 3479
1156 1232
1585 2137
939 3209
2501 3337
2095 3571
2202 2868
106 654
4324 322
155 456
2030 3676
524 3108
1371 1354
601 246
1906 2843
1331 1008
1367 2262
2564 2919
250 531
4263 3275
2670 683
3921 3871
2437 1736
1847 106
4395 2237
2415 3123
146 867
3479 325
2210 3955
53 3059
2094 642
1722 4615
2740 3417
2258 2903
3854 2222
1023 4549
2132 741
2388 300
2623 1812
3022 316
1745 4200
13 2580
4688 243
834 3274
854 2790
2290 1468
928 2177
4034 4449
4070 1909
4369 214
865 2824
2094 800
3320 3533
324 3739
2770 2618
2225 4681
2999 2691
2029 1513
3499 538
4176 3638
3454 3908
1833 3442
838 2434
1335 3990
308 2452
4208 1526
60 2639
1809 1338
1423 3341
866 917
2282 3442
846 1431
4470 2774
135 1284
1474 3733
126 3961
414 1581
1805 244
832 3540
2220 2253
3247 999
555 342
3758 4537
612 120
3286 2645
795 87
4460 0
3551 2682
2859 2603
1567 77
1909 3252
2359 525
4762 3430
3822 4682
1179 4638
1706 361
4185 1890
232 1885
1958 156
2432 1797
1518 3391
3066 382
2501 2577
4742 296
2426 3016
1225 4096
3081 4012
2414 1453
1852 4362
2129 1117
3335 3498
4282 394
3996 91
3959 304
1386 1485
375 99
954 413
1268 3670
3060 2854
1050 2883
1705 2400
2052 2422
3115 3157
3731 3213
538 4164
231 295
4468 1077
4170 68
623 2710
2450 2039
2445 4014
2521 2578
1199 4392
691 64
2645 1174
1600 1049
258 4619
17 98
2278 3772
704 4087
2440 4526
1602 370
3455 608
1976 4744
3470 59
2536 1735
3557 0
4150 442
3091 3707
85 485
2327 1425
4170 4567
4786 1755
1688 2485
2958 2049
942 739
4312 618
3117 3465
3532 591
135 2479
4039 1387
308 3684
1902 786
595 276
4189 415
1248 2618
1587 3875
3335 905
2892 1073
2207 4059
3317 2464
1065 550
4780 2100
40 2844
2558 2519
1794 1706
3091 2160
4567 64
3718 1855
4129 2218
81 707
1628 1901
4249 2930
2428 4533
2848 4426
4578 1228
62 3370
3140 196
1672 3192
357 2653
3120 1242
701 4331
585 1663
3837 3740
4138 4320
3533 1726
3107 1470
1308 2935
4032 21
3200 2400
2299 3837
3741 1219
2349 118
4769 2504
2102 15
3977 1211
1339 2402
2126 1621
1884 2832
1291 140
2400 4459
1716 4570
3399 119
3993 1191
204 1419
314 4192
4635 3046
3421 3041
1755 2197
547 160
1975 3472
1662 4358
2292 4331
941 1055
1437 1544
2940 2611
3005 1383
4056 2671
4289 2181
1949 2968
139 3173
416 1490
4207 1628
2120 4145
3015 234
4414 2673
2034 3625
1228 2343
188 4573
2390 1736
3523 4520
4500 3525
3761 1107
2855 2579
7 38
210 4565
3700 2101
72 35
3646 3210
2880 4511
3257 684
4624 2083
452 719
2847 1781
34 796
4046 1004
3686 1141
561 3696
1705 2702
876 1972
2063 3242
1783 4566
1819 2855
227 1455
1641 3645
3429 3045
1845 2960
4470 4291
2245 4666
1950 2392
625 558
3077 3590
554 631
642 2738
966 2969
2589 3874
2473 3603
720 634
11 3996
4650 2614
4084 2680
4343 254
2548 1792
575 1768
4758 3927
2228 1784
120 1203
4261 3751
1892 248
923 1810
4039 3557
3796 2403
2016 1933
2882 3901
612 3065
4126 4590
2265 3796
4609 2975
2180 3178
4370 2960
3786 2063
3048 768
1338 2917
2049 1685
4446 3259
4086 244
2437 4470
2870 3927
1517 823
3274 546
1250 4566
2659 1005
3620 726
4720 915
1024 133
2388 1454
1240 416
3497 4126
3209 2608
1206 1640
74 2685
1161 3706
27 2297
37 3824
1165 2624
3026 1023
2298 2101
210 302
2370 116
40 2862
573 2033
3479 1947
1001 2384
2043 3943
3880 1581
3801 3211
693 3736
2084 2892
240 4034
4061 1513
4111 1186
1581 1923
1416 2652
2917 1337
3572 4303
3043 1745
1233 2553
2243 853
1203 1909
3941 3816
3395 4614
2428 1571
2346 3340
4108 3197
79 2916
425 3299
2015 550
1424 205
3939 505
4601 1278
4303 2736
751 4417
1773 772
909 4745
4 2945
3000 2094
1484 1231
2444 1332
704 1024
2139 103
285 1221
2300 3425
110 1025
202 2628
2232 1250
834 1432
3160 4081
1401 4186
4642 265
572 1895
2406 1813
2129 3816
2328 2411
1078 1508
2147 361
1432 2611
1444 3361
2961 1995
785 476
1997 3627
2321 201
4232 517
1224 1079
3047 4223
3130 3346
3313 3229
803 155
1453 948
441 3649
2177 1181
1275 3073
531 114
3853 2524
3285 1196
3486 4388
1006 704
3739 4159
2902 3985
3511 529
1722 1798
2253 1619
111 2304
1623 644
4563 4185
2193 4288
2404 3375
723 1361
1752 3680
3841 522
4315 2895
4683 3404
1298 2783
166 233
3698 689
3707 3341
52 4337
4424 4296
460 4218
4169 2684
4393 511
447 1615
3774 1844
3752 342
637 2697
3040 4760
525 506
2071 1130
837 3207
1049 455
1920 2479
391 4575
337 892
4679 1942
3666 1246
3255 17
1052 2030
3339 4256
736 700
525 4085
1447 3602
4533 4486
792 264
4583 1673
432 2687
1252 4713
1186 4386
135 3455
3615 59
3277 1244
3300 1325
3439 4582
702 4695
3975 644
1690 1602
4538 3282
2038 4342
3489 1318
3636 2916
4248 1039
2204 1277
2450 1972
3839 684
4762 2673
1933 143
2367 160
43 1365
4680 1392
1464 1511
3731 1577
1808 580
1990 3946
4064 3509
2446 2690
2352 2638
2497 396
2192 2950
2698 1516
687 1479
2504 3954
1310 72
4790 822
2279 2999
4528 2192
2599 1806
4549 2712
1175 1558
1056 689
431 2450
60 3983
3768 215
2426 1512
281 2514
2996 2704
3741 560
4611 3605
2698 420
1375 3423
1696 4679
3952 4100
2957 3426
1094 2983
425 1521
1330 3653
747 2320
4093 1316
4757 3492
1646 530
1398 1305
4281 1293
3878 2782
1342 3395
4507 1906
2665 4422
79 936
4249 4415
3488 3328
2816 2535
1478 3015
426 4199
4727 329
870 387
378 3283
439 4759
1789 125
4015 4070
3625 224
4590 2885
1203 4207
2211 33
4787 4779
4211 586
89 4674
1337 3540
384 3
706 4398
4582 1822
2243 943
1591 4238
2998 1329
184 4568
3498 4485
1441 235
4283 3797
1968 101
98 4346
3358 3856
556 2795
3506 319
518 3846
187 4228
1198 4405
345 2240
2177 2876
1328 2053
2303 4598
2059 574
492 2148
2433 1734
4663 1680
2294 3627
335 2081
1709 3103
3558 2923
793 2415
390 2342
3104 190
558 241
4491 3294
3909 3020
1668 3384
4424 3920
3534 4386
4341 1054
2948 643
113 2618
60 297
4540 3380
2545 1850
2668 1275
1652 1583
2956 125
1663 4668
4414 1407
1710 1265
4715 171
868 1238
417 2671
1508 1627
995 2459
2149 2404
3937 43
833 189
1811 1571
848 2068
345 119
2270 4438
1803 2497
3969 416
2032 4227
3351 4341
4478 3412
1571 1209
559 2910
3419 1078
4694 3586
2958 2927
2937 3432
3111 1548
1389 462
944 992
774 1580
154 3569
4675 4367
399 1342
1792 520
914 3584
1571 1847
4284 524
1699 389
3576 36
4075 4570
449 1520
2497 4004
1748 628
2029 2074
2448 2844
1256 4384
3748 153
1 473
3366 3817
3726 3100
693 785
4425 4483
2628 567
2364 2232
4288 2832
867 3741
2402 3642
3754 3155
4335 2383
2369 2268
4426 10
405 1913
2375 2854
16 2161
3248 4304
2300 4282
301 2449
927 1414
4626 2410
2127 3797
2412 3934
4311 3762
2024 824
4580 2625
47 2179
4541 4635
2969 2503
4712 1394
1630 4659
0 2454
515 3520
2750 1473
2952 4107
1031 3631
2874 596
1588 4127
2332 1729
3488 1061
4070 3243
1286 4644
1367 1311
2702 200
3970 2032
4010 1801
1404 4323
1493 4768
4670 3902
4790 3366
3206 2720
96 911
3996 3911
4555 2791
1571 2972
4062 2322
3869 2640
1072 4132
441 299
506 3997
4195 1166
476 2979
3477 739
277 197
1469 4714
3654 143
2903 3769
4356 4668
2247 2077
939 467
1791 4120
4084 1962
4498 453
3998 3360
2279 2241
1224 3318
385 2727
4542 2927
4587 4284
886 2985
70 714
2391 130
1603 921
1866 3882
4702 1254
93 1680
3158 1410
2626 108
3226 3915
4725 1529
8 3289
230 1062
1259 4002
3244 3032
682 2022
4473 1248
2761 946
1273 4603
1513 1335
2447 1136
4219 2363
4080 877
919 1604
3432 2877
1239 2709
331 1824
564 213
3557 1458
2008 3190
4009 1921
3338 2069
4639 261
3396 2093
3388 1732
2778 1724
1375 3998
1552 550
3607 4352
4690 4535
3808 4428
2053 3868
433 4039
3780 314
1956 264
341 3342
585 335
3176 3715
3518 1151
2952 2312
691 2935
1959 3808
901 2714
3293 1739
1831 2661
3362 950
3879 1908
375 2108
3949 245
83 2437
2884 3923
217 1590
1462 395
3109 1894
322 227
3985 2640
2387 2108
4767 3241
97 650
2071 1748
4154 1672
1192 2947
3240 960
435 2240
1004 1116
2308 4727
4734 1468
3069 3392
174 1163
4049 3858
4289 4402
3492 4034
3771 439
2593 489
3710 4048
2111 2489
1458 3142
3845 4050
2921 170
3976 4616
830 4382
4710 2096
3237 91
4072 3672
4546 1241
3763 1419
4216 182
4154 1586
4325 3266
889 1361
1636 166
2015 1658
4627 4086
4605 3126
2568 1299
3329 916
4279 586
2036 985
1370 2232
1980 923
4358 3959
3271 2673
458 4409
2607 1699
4640 3285
1539 2932
2554 4324
802 1302
638 832
222 608
4127 3521
2715 266
1723 1048
2616 3299
1370 3386
581 214
414 4413
4330 3256
3201 393
1516 3712
3240 2040
3298 981
1980 1566
3735 1594
4003 233
281 4074
2027 2041
3719 793
2623 1060
1697 2425
1630 2790
3500 1833
4532 724
1551 646
3597 3788
4674 303
1617 2657
3756 1219
3954 4555
2726 4618
2480 4333
2577 4569
140 2097
3471 387
1892 2428
2202 3302
1453 1118
3557 298
618 2382
404 4096
2936 1556
4093 3673
4196 1390
187 585
4067 3077
714 1931
2004 4502
483 3387
719 829
3240 2517
2637 3160
3338 706
1108 338
1884 3808
2622 470
2961 482
2888 1225
4775 1348
410 3811
2931 3818
793 4
4790 3186
1483 4490
1978 2282
2631 1131
4720 3457
248 2161
481 1590
810 2013
3130 3012
3286 4443
3452 399
3878 1954
760 4775
58 950
256 3627
76 4257
1465 3702
4184 640
4683 4623
3282 1830
3571 686
3893 1917
258 4375
2874 1809
4650 525
3168 733
220 353
2744 1444
4463 3260
2157 4319
102 4549
1061 3143
2205 107
2740 1454
2924 1964
2403 767
25 3717
1941 2348
180 3327
3156 3627
487 2715
2869 3094
3908 2102
3852 3172
3656 752
454 4633
1239 4074
548 1563
289 4042
310 311
1811 26
1480 2772
1598 2335
3120 2132
1563 2629
1014 2545
3965 2882
4592 3841
270 1349
3868 655
3695 1290
599 2564
3140 4259
58 1566
2753 278
2218 1681
2033 19
1689 4244
3338 4436
2912 182
3843 232
2922 2481
1740 2828
1358 4023
3604 60
4024 365
2180 2381
181 3614
3 3117
3421 3658
458 2115
1422 1573
15 2466
3458 2329
1870 3014
4389 150
3002 1190
314 3490
2292 2402
221 4120
1773 630
371 4778
424 2479
287 2658
4494 3214
1106 2154
425 2502
2528 4542
1249 2869
1529 1894
2742 751
1828 2566
33 1990
4243 2729
1844 418
3176 2569
890 1616
232 966
1962 50
3484 2078
787 1678
4434 4706
3568 2894
975 2089
4076 801
2268 917
1529 3365
1651 2107
1880 720
1533 1749
211 3064
568 2707
3726 3910
1676 4026
1961 116
448 4378
1412 4783
3947 2336
2021 3891
4164 1775
3916 3252
3665 4385
3258 1449
1638 1533
4286 4437
3757 4738
3493 821
1821 3378
69 1561
4163 1915
782 3164
1992 4472
4012 2506
1758 1699
4744 2638
2057 4512
3519 800
2838 606
1109 1320
2326 2120
4437 845
46 2894
3451 1941
2153 3139
723 2806
2921 1626
3927 562
884 599
464 2047
2857 4773
327 23
4516 1534
1723 440
74 183
4425 273
2785 2508
1210 416
4283 4708
2851 2740
2153 4006
2494 338
3402 72
1479 2483
3790 730
256 1532
62 1400
936 17
1235 1183
3232 4039
452 815
361 4119
1743 822
3144 623
3858 2025
4248 1964
2001 3088
1756 1824
2120 3657
2766 3975
2908 1045
3947 134
1965 544
1845 89
134 3973
4460 1082
3674 1064
2703 2638
1206 879
2581 171
1309 4065
224 1861
209 699
2837 867
502 1680
2534 718
1722 261
4379 2897
3376 3600
4404 695
3022 1941
2575 2730
3590 448
189 225
2241 1038
73 130
1345 2586
699 3180
66 2506
4730 2916
2392 4483
2720 3745
1366 342
1920 3229
705 245
1251 1631
4265 3671
82 307
1570 2947
3030 1527
879 3042
603 1385
2620 3451
2278 3006
551 233
1268 4078
1555 957
1452 2239
4385 622
4203 3816
462 745
716 799
668 2389
1431 3607
1333 543
403 4635
4388 854
2815 4332
4740 1333
1668 252
108 128
358 1390
156 788
3436 2614
821 1417
3670 4045
743 2989
608 3739
42 1068
73 2780
2033 1491
58 4370
4519 1480
2711 1466
2644 1708
1061 4517
4702 263
2572 3579
2972 2615
3456 1633
1832 3528
4744 2441
2967 417
990 2885
2127 922
171 619
4343 3296
2540 3107
4147 2357
2947 3689
1879 1970
2781 1192
3196 327
571 1537
1119 3238
633 4378
3394 725
1828 4346
346 1650
3214 4789
254 4789
2168 3
1688 1672
1964 3670
833 71
1462 1961
1950 622
1427 1052
1713 4624
3052 465
2671 3003
3379 4624
1063 1931
1628 2698
4543 4295
1629 709
2668 1768
2558 3905
3173 3312
3867 4266
1513 242
4398 3089
3971 598
2579 1230
3871 1491
1302 3587
14 1183
1925 2763
4306 276
3495 2147
803 4160
2519 3453
1131 4328
2546 2822
3143 4750
3956 2993
249 1014
4047 4119
7 63
4094 219
4045 2303
2368 3919
194 1382
2044 3268
3767 2903
3032 3353
876 876
173 3425
3090 2777
3141 1098
3115 361
4458 2386
3396 4737
3394 3247
502 2818
342 4446
145 4389
1414 3321
92 2587
4170 1721
3449 2597
1118 1829
1337 4522
3587 1894
2165 843
2749 191
317 339
2055 1979
3904 2647
2694 822
11 4747
25 1711
1760 3454
760 2769
3814 1796
31 2295
106 3757
4383 253
3916 4737
423 3073
4315 1075
2810 1283
1164 2164
182 4661
4648 3797
1149 1629
3576 3741
3973 2432
2305 4151
4257 3790
335 3678
3198 3761
91 4567
3294 1109
1344 2955
3255 1920
382 193
4047 241
3485 784
2103 977
2542 1412
2638 2753
4215 3960
2314 763
4332 4103
3175 1544
4730 4570
439 4175
2780 3228
2437 1916
4025 669
4751 3052
1679 1447
263 3365
2215 3963
4095 2581
883 3222
4066 698
386 3411
3115 542
1578 3586
2929 4086
2181 4219
3407 2389
4004 3168
2292 2437
1578 2590
375 139
1432 4515
4782 275
1891 823
4074 4280
2118 4387
2521 3990
1538 1994
1397 4355
522 2277
4163 2465
1305 3820
1583 751
864 3243
2519 4274
1701 3062
1293 891
3415 1083
1038 291
2364 3302
1688 2871
158 4009
2825 4425
3432 3034
4481 303
3930 3422
742 141
2498 1645
3614 2887
1864 986
3144 826
4337 1540
202 2574
1387 1459
106 97
964 1945
1456 1547
815 3993
2258 2515
3823 2913
1353 1084
1020 3771
2878 1638
2203 3046
717 1548
239 203
614 44
1019 1591
4636 1363
1368 657
2561 2532
1463 1905
1967 4296
364 3298
2474 734
252 1897
168 2995
1805 1920
1118 1881
1815 3892
2027 734
4053 941
4713 499
2547 3565
4718 4408
897 580
2712 2861
272 3660
2185 863
1144 3050
2916 2293
4683 2669
2241 2631
1311 1012
4020 4658
2144 3212
283 723
451 3168
4483 355
753 2590
3332 1209
1646 3502
2428 4427
1168 869
499 4271
2023 4050
1623 4563
311 3985
2498 125
3871 3552
828 3389
1302 3173
2696 3507
2154 2197
1621 4635
4068 2443
682 310
3650 4511
4124 146
4381 1637
2064 1496
988 3985
2969 4240
2726 3152
2931 578
1830 985
4284 1904
1393 4368
2511 3906
4223 3710
3812 612
2940 582
3395 1931
772 2801
1431 125
1567 3105
2685 4015
1276 3985
943 1954
2818 3495
184 3283
667 1816
4759 129
4454 1384
4443 2786
3394 545
1700 3286
1604 289
2863 3937
2148 1027
4686 677
1502 3739
260 4691
2171 3332
2203 4604
1205 2397
360 4598
139 1181
1522 2255
4037 828
3334 3469
872 1096
4674 2022
1581 3518
3298 3768
1374 4382
296 4169
221 3981
4734 3998
4067 1318
4351 3028
3897 2241
4106 966
388 1377
1198 1955
3985 2236
60 2970
30 1418
3372 3091
3666 4401
3558 2333
206 2717
2663 639
883 2322
4348 673
2643 3764
3638 1121
391 2377
927 1813
680 3903
2426 2766
772 4422
4758 3111
397 1256
2690 1411
1779 411
4642 3060
3654 352
3040 4327
3142 2474
4299 125
4688 2090
3356 4516
4422 2931
862 2938
3081 1678
938 4103
220 2678
1801 1498
3607 3445
592 3886
1725 3741
4244 2777
2633 1273
823 3192
3252 2743
2701 2140
962 86
2228 179
2011 1099
1895 3225
1501 3516
2209 753
1799 805
2432 3302
2727 4006
2578 4032
2913 1659
1711 1638
3811 4106
2138 314
946 325
2084 3591
1193 3931
1602 1210
478 3750
1280 3337
862 1545
4148 165
4302 1740
122 3447
4749 3345
3584 3047
3246 55
4332 478
2746 4304
1482 3170
4379 2709
3385 4711
4090 3537
1319 974
475 346
3770 3816
4692 2552
3457 606
3548 2677
4267 245
2084 2504
3616 2023
2491 3648
744 4427
3323 335
2937 2863
903 3638
153 687
3842 474
3770 1014
789 1898
2335 117
2249 552
2402 658
4091 1607
1755 819
3237 4480
4087 766
1115 980
1257 1992
256 2580
3166 4212
2450 6
4588 2158
2589 1918
0 4315
4050 2571
4354 2357
1901 4424
1607 1138
3273 774
2911 4758
4251 4569
3857 3190
1672 819
4036 1822
2025 4182
477 969
2492 935
3679 4509
1238 2146
4741 3988
509 2435
3476 43
3142 4717
3192 1480
4725 2982
3220 3016
4190 4184
3379 405
2201 935
4655 1267
4379 1684
3480 1382
3559 1024
1728 1151
4394 966
4605 2816
1298 2958
2648 175
904 291
1089 4097
1950 33
202 1175
3143 4329
3695 4110
741 1696
4142 639
2647 1283
3941 3780
2269 4692
1957 3599
752 4563
85 4782
2675 3653
264 4174
115 4066
4635 4574
2741 107
4514 3626
1578 538
4461 874
3538 2320
1894 3031
1964 661
2366 2558
675 2873
548 163
2867 3342
1566 3319
4179 736
2805 1220
1241 2928
719 2504
4636 3418
407 4129
1163 3888
312 3785
1871 2704
2096 2103
2578 1048
1823 1360
50 820
4086 2169
4740 3459
2588 2159
194 2809
341 4626
2902 3551
98 3614
3428 4124
2086 3294
2949 671
699 4018
435 3463
561 973
471 3596
4298 3584
2478 1900
1657 1395
3464 3672
682 1075
2474 4286
507 3447
3007 4622
603 358
2167 3469
740 4591
4223 640
387 3545
3174 449
2780 2053
941 2487
1710 3391
4129 1926
924 1140
3171 537
4084 56
178 66
562 1478
2124 1583
3241 2546
1069 3948
4598 3228
4390 4365
3745 1810
4720 1245
1792 3409
1429 2479
1354 3519
1608 4774
1899 2235
4193 3030
4467 3425
618 82
4441 4258
4457 4673
2241 3518
3157 732
4160 2369
1318 1218
148 748
3755 3853
2667 3816
717 467
1516 2525
2626 544
3248 643
321 69
2585 745
2651 4130
2357 3014
4474 3298
2892 14
913 3028
2780 3909
440 3237
1693 3857
232 4191
3805 1520
3735 2767
2920 3103
3373 2802
2520 2774
1289 2844
1559 4157
3850 1457
4321 4300
4241 1245
495 4546
3396 2562
2151 20
208 1465
3 371
3787 2482
2469 2347
3902 1772
3360 459
1369 1141
4198 1049
3954 3832
1593 975
4096 1380
4671 1207
3373 30
12 2518
4164 1526
54 1806
2693 3135
529 1902
2101 361
3894 4709
242 232
2020 2598
1806 4303
2013 1956
3949 1126
2144 392
3716 1830
1185 2024
422 2913
1113 3586
955 1011
1370 3433
482 536
4340 3187
1509 4591
2491 764
3613 384
3865 3991
1984 4740
989 176
4084 3505
3918 2279
3036 51
1722 2089
268 1526
758 4780
3941 1136
529 338
1102 3188
2730 625
2303 2588
402 1580
590 1697
2510 768
2222 3282
1906 1580
177 2191
1697 1940
87 2716
3024 3545
4607 906
223 1956
83 3096
752 2951
4150 2620
2107 2424
4368 3360
3669 4575
388 3264
3109 2212
990 364
611 3880
752 1983
2513 3444
4531 3752
671 2833
1914 2970
1303 128
3126 3044
383 2227
1688 4652
2158 1872
3992 1444
297 670
210 1218
2496 974
45 4769
2619 4374
737 4619
4074 4741
2245 78
3589 3537
3630 93
72 1171
3338 2845
2485 2621
2881 3276
1243 434
941 458
3158 2923
1760 846
2044 1473
304 1685
2981 3831
4653 1376
1465 36
1672 4039
2422 3454
829 608
1433 3049
2995 604
2489 4095
1549 4233
2518 2254
406 2873
246 4154
4789 2876
2724 3443
2341 293
3338 1788
4525 33
3766 583
1774 2827
4044 4596
416 4552
2230 3159
3320 955
1806 621
2719 2178
2338 4495
2009 3119
2293 3605
2458 356
1581 2575
424 3003
2774 109
1395 680
3344 668
4005 1113
3201 263
3860 456
182 1215
1462 2667
33 304
1709 1944
715 2706
3497 3628
292 2973
2528 2241
2050 110
474 3259
468 963
3528 556
2679 3191
392 131
640 4148
475 1501
2435 1119
2333 4771
2868 2289
4780 2482
3693 4107
3992 3503
3944 3142
314 3007
2858 1800
1545 2639
3131 3968
4739 255
1038 577
346 714
1126 2936
2117 302
3628 298
4118 3185
3578 3448
4533 170
376 1414
4348 704
967 3375
3422 3079
787 3052
126 4011
3148 1774
204 1427
166 2324
898 1332
2857 2563
3984 4270
1880 3454
1624 3280
669 4090
3988 621
3772 1489
237 13
3787 380
1899 4669
2317 4390
1669 70
1028 1530
4773 2239
2848 692
568 3074
2261 249
1831 1418
4618 3691
2296 565
1288 3665
344 2860
1916 55
3144 2460
2773 1603
1072 549
4198 1507
2529 2919
4335 2946
111 4048
1586 989
4104 392
3069 85
3782 3858
1976 3344
3650 1413
977 2256
1450 3161
2260 4015
2709 1192
3304 4076
819 3235
27 3056
1872 3248
4308 3932
896 4120
3433 2249
2631 835
4346 1055
314 2882
4351 1623
1314 1790
1310 4360
2513 4051
4260 468
445 1767
155 4675
2615 4282
3753 1839
1482 643
2408 866
1742 481
3694 2065
1284 3204
3671 1923
1538 3616
4381 172
4714 2416
1102 4538
800 168
1626 4224
930 2741
4342 83
714 3764
1323 3523
1708 2899
1748 398
139 180
2875 4428
2778 2924
315 953
2339 282
4357 2682
3521 4667
900 1493
2918 4041
2640 1683
3566 2697
4168 542
285 2075
292 1924
1748 4633
981 3336
2438 4282
173 897
1279 2515
3103 1587
2403 2693
4298 4624
2577 1046
987 4441
767 502
1434 1774
1732 1939
4016 2160
2926 4497
1670 2743
4011 2673
1447 2123
4334 3731
186 2553
355 3527
3190 1505
3446 3879
2987 462
2757 4035
1111 4788
3054 2178
4712 3760
384 4309
4759 3783
3844 3536
2708 3588
210 4647
1157 2523
3465 3419
2951 2543
1322 2076
31 1616
3931 123
3500 1248
3852 4676
1844 2845
125 1263
4180 2227
4593 3117
4103 1865
1474 2479
1800 4266
456 3401
1679 4033
1712 2547
1689 4621
57 4687
2177 1349
1594 2744
859 3276
1124 427
3562 1992
4438 248
849 1165
4358 4711
4764 340
1646 1281
301 1327
3819 3316
4242 2594
4119 1040
3815 200
3317 3475
2742 888
2493 4397
3596 2515
1279 3681
2516 1297
1637 4582
399 1553
1138 3783
4174 3642
4421 358
198 2079
1593 3172
3081 391
2074 528
1680 655
2564 1648
1769 2504
3947 2743
1259 534
756 769
4084 317
1648 321
2438 3215
256 4756
3836 388
1854 4288
350 1815
889 1876
1722 2246
1948 2923
2201 509
317 3044
4253 4778
4055 2483
2673 1107
680 4415
18 3791
3529 4633
81 2532
1365 3762
2123 3206
3251 630
337 844
2940 707
474 2529
703 4480
4014 2837
3327 1362
4345 4513
3682 3945
1878 3056
645 1338
2366 1400
4567 1387
3957 318
2543 3083
658 182
3989 585
38 4539
4475 822
4071 235
2408 2296
1553 946
1219 565
4212 1327
3730 3942
4157 3415
247 4747
2429 79
4066 647
2140 3336
3892 91
3711 4258
1787 1978
215 1467
971 1420
3289 372
3608 60
4114 4624
1245 394
4573 4480
733 4304
2922 1129
2727 4273
851 1935
1371 2530
3298 1296
799 3901
320 3138
2966 2185
834 2036
4540 3011
3172 3391
2036 4450
3125 2719
38 4273
2374 1119
4604 3610
4039 1065
12 548
2030 1178
840 342
3600 2257
45 4108
3224 2411
437 3500
256 2999
2476 3625
409 376
4674 3809
3975 2226
447 2008
2184 397
1609 3326
3073 793
118 1265
177 4333
2428 4555
1385 3109
4691 971
221 1058
2684 3520
1485 2146
985 578
3294 119
3241 2409
3951 1666
1535 864
366 2578
4072 4408
1096 4111
3851 4507
2656 2950
4019 3994
4663 202
4429 2800
3044 960
2614 3432
2403 4560
3469 2877
4641 294
2141 267
1199 1976
4000 3340
3366 1939
524 206
2251 433
853 3715
1880 3752
1146 1386
2057 2622
3396 1257
1169 2517
2121 272
3633 4789
676 2457
3411 1505
4243 1141
928 190
261 3755
2174 2963
3172 2263
4649 2284
3271 604
2350 3977
1632 174
2443 3889
3845 1597
1148 285
433 1131
1109 131
4355 1712
4457 4441
3438 4037
294 1460
809 1009
3851 2294
432 1765
1676 636
677 3840
4110 1070
4616 3330
173 1254
990 4435
459 3340
1138 1696
2326 3201
2634 1079
2389 594
2696 1145
166 709
3861 2793
4371 2963
472 4560
1014 3159
4412 789
2310 3722
36 3213
3270 4739
1436 4748
3113 3586
2385 1489
1814 4599
1257 1362
2780 1713
4170 472
4650 2511
4680 2511
1036 1017
4172 166
4325 4448
2870 294
1553 4174
68 4732
138 4419
1783 1747
626 2059
4641 2250
2859 1219
3439 2417
2122 2316
4560 684
3276 777
2703 1132
3824 3875
3688 1348
4252 2852
2126 2714
1200 2632
2787 3242
492 4565
1294 4373
3316 873
4622 4006
163 374
13 283
1600 4628
1135 1503
2926 1100
1964 1322
3895 4011
3319 1837
1190 339
4649 2179
2094 136
297 3787
4493 441
3532 2348
1459 1595
1880 4193
3674 45
3158 210
3934 1274
4433 4243
4542 825
280 114
859 1048
3149 231
4179 2439
4234 4481
3997 287
2890 508
3094 3514
3326 3232
604 4303
155 2865
4692 4540
1609 1463
2343 75
210 1690
4476 1743
253 4634
766 1331
1080 1871
4590 2812
3199 178
555 2688
4360 3843
2239 3672
4450 1699
4742 880
1387 2321
3669 2239
789 4306
1652 4089
1247 693
4778 1
2832 4125
114 53
3046 4299
562 1477
4525 935
2395 1514
3511 2422
2123 1759
2971 124
3741 2869
1972 1070
3989 2457
3439 2627
3986 4355
3197 4380
856 3908
2415 2889
4290 1702
1336 599
1634 2622
1737 3410
3691 218
1184 1423
4380 324
2165 3788
2674 3219
344 3978
3602 763
4303 174
773 2013
1193 63
4051 3216
1915 3433
3502 3180
436 2932
1724 2980
4316 2290
513 4557
888 4031
3830 128
4365 164
296 2703
4091 642
1269 2639
3761 198
388 4611
1403 61
1664 3942
1927 3950
314 3906
2290 2528
1253 1324
739 3930
809 3766
1027 2453
3181 3662
3568 3255
588 3323
309 1983
3766 368
1786 4301
1131 257
201 4314
4769 1684
2533 1895
591 2251
3081 4718
57 467
2091 387
1532 3748
172 617
3640 4000
2866 4420
3330 3022
3571 3433
1668 325
863 1691
2371 3996
3908 145
3056 4018
241 3340
3490 120
816 4356
502 2291
4144 3181
3610 3523
326 158
4718 205
4055 4407
1185 202
4007 3198
1017 3148
4552 3013
2644 207
924 1555
1318 1627
149 2682
2390 746
25 4362
811 4307
2295 1191
4179 1474
3226 3213
1440 2769
1307 2132
1016 3660
770 3824
255 4462
3555 1212
4748 4689
1809 3826
2181 1003
2864 2772
3012 2441
2627 141
104 112
3498 15
525 2368
4282 1358
410 346
29 3504
221 357
4608 2304
1988 3577
929 4116
3972 3614
3291 3280
2693 3937
918 2688
2211 4065
2843 3083
344 783
887 414
135 1925
3153 360
4160 4532
3755 3556
4548 3520
2488 929
1344 2964
3977 4145
4687 3410
1784 2307
3469 3829
4148 1081
1337 1957
4060 1260
2545 158
1237 1990
4632 2194
3510 3851
3765 2524
946 3831
3072 2991
4567 138
3852 432
81 2258
1286 2627
4744 361
2904 1574
1823 1094
4789 1086
2835 537
812 245
1924 4488
687 1551
129 1713
165 450
2413 248
921 4504
3908 1879
271 41
4749 3685
2735 2896
1683 1710
1756 2978
1982 3641
1673 140
3080 3842
3468 523
2300 401
12 3768
36 3456
4407 4389
944 86
1922 1773
4194 1199
3457 4284
196 3716
3279 4110
55 1589
1241 866
2479 1801
3098 3080
3185 235
3550 933
338 4083
4440 357
1570 2808
147 3734
2203 1973
1674 2975
2706 1310
3939 3023
655 1531
1770 1721
2691 4543
685 4297
3893 3616
31 104
224 3076
3338 4534
4318 584
1909 406
1288 2138
10 728
2864 1285
3640 1758
3641 1887
1794 845
3964 239
4603 755
2999 256
3766 96
288 3696
4712 132
3231 3528
3965 906
154 3038
3151 3429
2985 60
114 3590
1955 4547
4186 2054
4380 1336
140 1
1388 2398
2359 2830
4593 671
3654 1954
1340 708
3650 3706
1729 2226
1036 2420
4339 4533
893 2678
1745 1314
1780 3308
3489 875
4549 4408
1923 2143
1646 667
3559 4413
395 241
2247 2451
1731 745
2965 1410
1985 2523
4660 1627
1917 1050
1358 713
717 4242
4458 4785
4674 4327
1368 3425
3470 4097
4385 4595
2073 1235
3593 1320
3303 3909
2369 4537
3385 48
2093 4452
3499 2764
1962 3245
2915 3332
2282 1111
864 370
3279 2798
1841 3721
2148 2273
3724 208
4123 4671
4306 4726
2444 2860
1206 127
255 2335
2585 4016
291 2473
1269 1662
216 4505
1746 314
1341 1383
3149 1918
1768 3914
2867 2837
76 2176
4170 4105
50 828
3134 1486
602 3559
861 2933
3549 966
4675 3887
3568 2211
2393 1836
3934 4273
87 2708
3389 4367
589 1001
1451 4631
4105 1236
299 2584
1683 3420
2057 57
1487 2062
1672 2587
1905 2739
334 1028
4502 4375
3169 918
668 1146
2348 909
4709 1086
1996 2848
2524 1117
1764 3639
380 3679
3761 52
397 1398
3472 271
2410 1411
307 4767
3091 3986
4455 2734
2594 2514
1941 2677
1349 3686
446 881
1004 1387
887 3342
2657 3154
3736 1944
2615 4009
4103 4285
2789 741
3270 1714
2903 4299
443 12
1638 37
3084 3566
2390 1836
2707 4534
1049 1732
2490 569
4054 4716
2676 2537
3954 3339
1380 1428
2616 2156
2945 789
1427 2216
592 1125
4582 1359
1668 2907
291 637
156 1726
1333 2484
4039 3299
846 3598
3880 4590
1667 2623
1715 4071
106 3216
4016 1119
4206 3012
4339 147
4199 1964
1888 1957
1051 1737
487 2874
1597 468
2543 617
2103 2106
4203 4486
4158 1857
227 4140
2148 104
3971 3581
270 958
1312 2809
4036 703
4333 219
141 1876
1460 3000
725 4692
1065 4739
3687 4250
2 2238
3915 3160
2424 1863
11 4120
4184 4209
3840 2092
2087 4699
950 3769
63 1832
1478 2915
548 2192
692 751
378 2571
2550 3247
4474 869
105 2548
1260 4401
4061 438
626 3404
3845 3890
2017 12
3208 1013
4091 1961
4111 3401
533 2188
2785 12
2371 137
4763 1977
4399 2486
1970 1739
1845 1176
275 3582
2965 2187
133 2794
27 1149
3428 1577
563 4216
2611 3672
1273 277
583 3331
1793 578
31 2253
1902 1244
2718 1699
1908 1879
3888 3091
1858 538
1860 2808
72 4694
3178 1453
2945 3546
161 243
322 2463
2981 3134
311 4276
3213 4144
1131 4408
447 3902
1765 3869
4329 185
256 1236
2655 1139
1723 667
332 2048
1796 746
672 2011
3055 562
2952 137
3991 759
4577 520
93 208
215 2156
3136 145
2050 4585
3223 3701
3078 797
810 1921
4205 1714
2691 753
1735 2971
3684 4578
1441 4454
1525 709
4368 4723
3319 3259
3660 61
4147 1190
622 2730
267 345
1757 4033
1031 3707
4446 4289
4290 3455
899 3294
2025 3001
3614 2820
4016 773
1062 2164
2665 2394
4163 4006
1091 3931
4672 2306
29 753
2489 27
731 1016
4488 291
1956 2099
862 4706
882 3220
703 1771
1130 3042
2081 695
428 1428
2208 164
4362 1601
3055 1696
412 3884
1851 2916
1366 1082
1269 1915
561 442
2061 3307
313 539
780 1123
4764 4655
3396 3
3095 1556
3281 3008
1284 3550
468 3161
3546 2226
1000 3450
2884 1998
1262 1343
3608 3437
650 2946
2784 1162
1668 122
2736 348
1572 3712
4351 656
367 2966
3561 1642
2291 402
57 3662
530 298
3638 3777
887 4445
875 4110
1965 3402
3400 1455
465 4729
3826 251
1055 2214
3627 1985
3659 1032
982 2169
3255 1440
3005 332
4136 1927
2779 3518
2452 2693
2112 698
1199 3146
1315 2981
2789 2796
3676 944
977 1222
1566 2288
4744 259
4059 4668
4539 532
1053 3508
85 547
3879 860
4413 1584
2914 1593
2926 1151
3409 3564
2005 626
3316 3567
1897 840
390 2453
3333 2642
2472 3591
156 54
2073 2290
2516 3965
1524 646
1022 732
4302 430
2984 69
375 4688
1732 2046
124 4418
485 2938
2960 3136
3658 2422
2390 3230
270 3914
878 614
453 1106
2573 4229
521 3413
1795 4667
707 54
3487 1947
2393 1422
2478 1619
1505 3781
2021 2281
3002 1424
624 754
2356 3431
3726 1553
1872 383
3103 727
1040 4163
2583 751
3926 430
1526 1882
67 4001
1352 1317
2153 1941
983 2168
4373 236
1451 1285
1953 4590
4537 3024
2247 4699
4239 466
1707 1842
3596 246
3163 2894
4696 751
4491 2801
3849 3312
3659 1968
3908 1734
4529 4008
1221 2636
2029 2715
1931 4264
2968 1255
3076 2356
3685 2569
3373 4404
3378 276
191 3370
4245 1283
119 1313
4099 4658
1824 239
289 2579
392 1769
1879 1966
2150 255
3428 3394
482 4628
4627 4737
3661 1000
2026 1265
2251 166
485 824
329 1079
2714 3333
531 467
64 1946
1320 272
1256 3555
171 2003
1032 756
412 270
603 1821
3430 2191
2830 1817
1911 1012
893 3746
1592 3962
4283 517
321 3827
738 2278
400 4136
2058 152
3832 1545
2512 1578
2562 368
4567 1764
1291 3995
3630 2093
2895 3555
2411 44
4107 1393
1358 2187
4211 1227
344 3419
329 4240
605 3389
4640 476
696 3312
35 958
1154 724
114 84
3675 2888
3608 254
3667 3476
1416 2385
1559 4178
591 3549
2862 830
307 4166
3136 1826
1536 1781
2601 1377
3146 2463
3583 3491
3190 2684
379 2651
270 3192
2143 3519
2201 3955
2795 2068
674 231
1972 220
98 2233
2194 3698
3575 1889
329 267
136 2914
4776 2769
2894 704
1145 2788
1985 3586
3763 248
4194 3527
211 2098
3477 4716
3277 4032
2677 3935
1430 4790
1653 4250
4142 2188
3299 4065
4101 2004
1683 3298
2548 1173
560 2821
1 2041
2163 3973
4308 2065
2233 4044
4181 412
197 4068
2187 3920
398 2351
3571 3419
1915 797
4344 245
4281 1524
4529 944
4737 4740
2976 4459
307 2172
2590 909
1029 2107
1902 1150
1336 620
4760 2346
2624 744
2755 958
3470 3026
2960 4540
788 3332
3006 2293
1790 217
1911 4274
31 1753
183 4207
4012 1623
575 2758
2008 3997
751 1544
1187 465
102 413
484 3194
3102 4566
2107 2535
2461 2269
2486 309
4181 636
255 1309
2132 3794
2726 1932
2057 4753
1042 3151
4762 849
3918 3294
4245 4158
2343 2418
267 1129
4432 1939
344 1150
1456 832
1663 4101
3010 3247
185 4574
331 2751
673 381
1960 2330
1117 450
1038 3441
1117 2618
2637 1446
1436 1873
358 4626
2252 2147
50 4528
2561 1064
2595 4702
2582 1893
1776 3494
2540 1789
841 204
2440 1206
1676 1764
2335 3164
3320 3369
3199 2797
249 2817
62 3140
940 4637
3241 3254
3672 3158
3956 3771
1762 2538
3553 4458
2859 2009
4467 502
1392 4385
4652 172
1702 3945
170 1345
3663 3463
2492 2069
3980 4613
2454 1858
3656 3126
3788 3612
3405 337
3806 3259
1039 91
1723 775
351 2324
3147 102
4027 1791
3043 1290
1515 700
4759 4500
181 343
2394 476
1208 2233
3883 4678
3036 3688
4376 395
205 3332
1001 406
4009 3100
3565 3861
1046 3962
2104 908
2092 1864
3033 1713
2515 3714
3126 4676
2389 2798
2380 107
2584 2631
2025 875
4190 1051
761 1025
1232 3879
89 4413
1321 1401
2945 18
3196 1329
3453 961
3922 3743
4420 1817
1749 4379
2810 1474
1440 1241
1523 115
2229 3868
3355 1212
4518 2840
2316 2075
2035 2670
4349 2053
1564 2671
897 3244
3562 3931
1452 1537
4221 3254
345 444
214 290
1082 2905
932 1562
3004 1296
3602 1891
2265 1731
4487 4770
119 3796
4654 2817
1994 452
1625 1915
2115 1826
696 1429
400 2278
3454 601
0 265
2539 2727
334 129
2403 4602
2622 2253
3625 490
2994 130
1138 155
909 4285
3363 1754
3733 2433
2807 1848
1182 4209
54 3732
2144 3777
4548 4776
3778 1033
605 3029
178 4645
802 2996
634 3005
1249 3956
4585 1411
401 2292
180 895
3532 3161
32 3540
19 529
1781 2331
3966 2810
621 59
371 1539
3727 1761
2231 2492
487 335
3353 1952
108 2732
3747 3228
3098 4176
2877 68
892 3911
2138 4447
514 4152
416 1100
11 110
1688 944
4229 313
3952 3291
4697 3832
2362 1145
1552 314
989 4539
532 2607
3293 711
1617 1603
3542 3084
2502 1564
2575 4558
2105 148
2750 2170
527 2309
4133 3235
4210 4445
673 2736
776 272
